Numeros:40 9 89 90 64 22 51 45 26 71 25 84 95 31 16 6 44 10 62 11 52 26 53 35 96 41 98 7 14 4 91 54 13 32 96 30 54 47 27 80 71 52 64 66 84 32 24 80 95 38 91 47 16 44 82 12 38 32 19 52 36 62 58 2 94 54 32 48 53 11 80 24 15 96 90 99 29 66 31 76 56 23 23 72 19 57 84 9 89 4 13 78 18 71 80 13 77 64 13 31 75 94 55 90 90 98 42 71 64 73 47 21 48 22 45 20 79 30 29 21 86 43 99 4 66 79 69 44 95 83 75 70 77 30 12 19 28 54 91 45 80 90 18 28 13 63 48 44 45 30 65 31 73 16 88 39 47 57 83 42 92 10 64 21 41 77 41 21 83 84 66 63 74 36 44 39 0 92 84 45 74 1 29 47 70 17 39 17 26 74 12 19 85 28 92 78 5 85 99 41 69 18 4 96 6 48 35 58 93 71 4 67 73 85 67 43 54 58 12 32 32 76 3 17 5 96 47 62 81 99 3 3 69 8 99 75 8 86 34 53 58 90 73 83 75 92 26 81 50 90 13 82 67 17 52 72 13 51 34 46 50 38 49 19 98 0 95 58 87 81 64 45 71 37 28 98 29 6 79 31 96 92 13 15 9 17 87 74 69 74 73 71 64 22 91 14 75 38 72 62 19 36 59 90 25 39 88 6 97 19 37 93 11 3 9 73 72 48 99 93 22 72 65 86 47 8 0 74 46 25 36 17 13 47 59 91 86 99 97 83 18 35 28 29 90 89 54 62 90 54 56 64 78 73 51 77 81 3 51 27 80 39 96 46 86 55 37 24 54 34 59 72 21 40 53 63 81 8 26 71 14 34 36 92 7 39 22 88 94 73 67 27 65 63 73 51 70 10 28 24 96 87 48 70 27 1 33 61 9 11 32 23 45 68 68 4 59 42 92 54 15 11 81 80 26 6 84 96 16 12 72 64 51 20 34 31 22 68 92 83 79 24 7 77 45 27 81 56 69 26 62 36 37 43 69 64 1 5 12 17 69 85 82 20 5 68 3 79 36 95 63 68 72 22 45 69 1 78 25 22 4 88 58 42 83 79 58 85 84 70 54 53 7 88 26 65 57 29 44 45 77 59 65 49 81 62 70 34 41 47 56 45 87 15 87 71 46 97 8 31 68 14 84 27 3 10 92 12 92 89 9 69 48 75 70 82 37 40 16 78 39 25 24 27 40 63 50 38 61 58 69 81 72 6 8 27 68 53 91 60 42 1 29 42 76 51 76 13 91 45 44 83 70 68 10 62 83 60 0 44 70 70 25 94 28 86 22 96 39 13 57 33 66 38 27 42 90 4 8 33 49 52 16 71 72 78 33 55 38 33 52 60 55 29 55 83 15 29 32 6 94 41 91 61 79 19 3 21 75 11 7 76 15 75 47 87 54 80 95 44 65 47 5 73 76 60 8 92 41 40 50 35 81 42 96 13 13 52 86 88 15 45 16 83 21 63 70 27 95 65 71 60 12 28 85 41 40 94 85 81 86 35 17 20 29 65 85 94 69 71 34 37 69 50 20 90 13 42 17 8 8 40 21 72 69 6 65 9 52 50 43 91 86 12 11 67 77 96 62 99 19 48 36 88 99 8 78 64 50 47 73 10 40 46 35 61 4 0 70 9 51 13 0 89 25 11 8 55 7 22 6 78 71 94 67 70 2 97 34 4 97 59 15 37 57 50 98 62 2 20 71 53 86 23 42 11 34 3 18 93 25 76 71 96 70 90 18 24 88 5 29 85 64 96 22 74 98 72 36 0 92 59 54 78 82 48 42 68 51 12 61 29 89 84 25 11 75 44 36 63 1 17 0 65 65 74 91 63 46 27 15 90 38 69 69 72 70 63 92 73 75 5 2 16 90 80 28 17 76 16 32 77 85 32 94 50 6 86 65 4 65 80 94 56 2 15 28 24 78 21 97 6 26 52 74 68 84 54 85 60 70 17 89 7 1 83 9 59 21 74 63 87 7 10 43 9 25 23 33 56 96 82 62 75 86 88 43 70 43 81 82 13 50 71 73 52 55 82 11 28 9 27 15 16 37 10 77 62 86 62 70 34 96 84 9 83 73 5 5 16 86 88 81 36 59 54 40 66 89 4 95 98 31 62 14 68 25 43 82 11 5 53 45 1 37 55 36 10 12 42 78 98 30 60 86 41 14 79 8 3 83 55 53 66 17 19 86 42 62 68 5 19 73 51 21 11 58 9 73 70 
Maior(es) sequencia(s) programação dinamica:
0 1 3 5 6 9 11 13 14 15 16 17 20 22 25 26 29 31 37 38 39 40 41 42 43 48 50 51 55 57 59 61 63 65 69 70 73 75 76 77 78 81 82 83 86 88 89 95 98 
Comprimento MSC: 49
Tempo: 359.000000 ns

Maior(es) sequencia(s) programação gulosa:
4 13 16 19 24 29 31 32 34 38 39 40 42 43 45 47 48 50 51 52 55 60 61 63 65 67 70 71 72 74 75 76 77 80 84 85 87 88 89 95 98 
Comprimento MSC: 41
Tempo: 43715.000000 ns

O método dinamico obteve um numero maior de MSC do que o guloso

O metodo dinamico foi mais rapido que o metodo guloso
