Numeros:95 48 30 12 88 91 33 59 93 38 90 86 47 37 46 48 33 51 18 46 75 96 23 81 4 9 81 86 89 34 71 84 83 53 96 71 96 81 82 89 19 72 75 67 61 21 67 95 25 85 41 52 34 16 34 38 77 15 24 66 50 47 2 33 52 98 56 48 79 39 90 50 63 65 69 25 39 36 72 16 74 65 68 8 81 2 46 10 18 71 76 20 70 30 53 23 28 9 23 59 0 13 61 64 31 31 41 22 67 13 38 41 78 58 49 11 61 48 21 31 71 49 51 41 79 56 64 59 17 88 18 18 53 31 34 84 62 75 6 30 88 96 23 18 55 25 29 68 25 2 51 96 51 54 37 82 10 54 41 27 94 11 97 47 42 31 32 5 6 90 87 46 87 62 16 42 39 97 62 64 99 13 60 2 67 50 36 29 4 29 56 98 40 54 45 35 37 29 92 96 20 31 42 59 93 11 1 85 8 15 49 60 28 10 62 47 60 51 76 16 80 84 14 21 90 11 8 28 41 0 24 13 83 18 72 28 29 25 13 38 40 63 98 20 25 12 67 85 63 95 53 44 79 67 17 70 30 25 50 71 77 74 36 60 44 8 40 74 85 54 12 77 17 62 97 42 26 16 79 90 11 32 86 43 51 3 65 81 80 15 5 9 41 93 21 85 54 61 59 39 15 23 17 84 37 66 78 64 83 57 6 46 41 92 41 44 47 6 78 79 73 83 88 14 76 9 52 30 70 63 22 86 87 39 70 76 5 1 92 40 10 98 39 52 42 80 48 41 87 26 20 12 61 8 27 90 17 31 72 88 94 94 26 33 85 48 10 43 49 2 35 60 1 74 64 95 55 12 37 94 91 57 6 52 66 85 94 83 16 19 23 11 65 49 44 51 98 6 46 47 9 81 59 62 56 23 57 11 88 94 57 79 4 63 83 70 49 30 5 17 49 81 28 14 30 25 65 80 31 63 80 92 45 39 54 53 15 64 16 3 10 73 34 14 36 17 36 37 47 94 55 96 75 35 63 57 12 28 38 44 44 70 88 89 61 43 94 76 7 10 79 17 83 13 32 71 83 20 9 82 14 64 79 41 51 42 99 64 22 89 60 18 59 48 59 20 91 53 49 50 63 28 68 98 94 52 70 77 72 79 59 39 95 90 80 46 84 79 62 59 68 22 77 79 71 37 52 14 90 1 65 6 29 85 4 75 89 74 4 13 5 16 52 52 6 33 51 43 64 13 2 85 88 31 16 11 68 68 25 11 69 42 17 51 79 73 26 68 0 83 82 57 99 34 10 57 19 61 0 36 26 54 73 14 86 89 25 6 58 51 69 27 45 38 30 25 12 9 45 64 92 27 21 91 14 31 48 85 44 1 73 71 7 46 85 45 36 11 52 94 14 73 73 11 12 4 88 76 13 34 40 57 13 61 48 79 45 48 65 41 1 90 12 9 37 50 54 73 61 58 19 27 32 92 38 44 48 27 72 13 13 12 22 26 25 70 6 70 71 23 64 72 13 76 33 50 26 88 75 39 98 94 18 30 39 57 26 39 36 98 5 49 62 27 27 88 50 33 10 21 8 74 45 22 3 79 24 81 19 52 21 17 46 91 0 37 0 78 29 36 29 34 37 43 61 65 31 63 50 42 84 59 68 82 33 71 13 9 53 32 61 26 1 60 17 53 49 18 84 78 6 65 12 96 8 26 61 40 89 63 34 26 22 2 8 7 74 73 17 79 5 30 5 58 90 22 12 40 92 48 18 51 13 83 47 21 61 60 61 50 23 95 28 46 50 88 5 76 61 22 55 18 53 60 77 95 34 41 35 79 89 6 30 2 41 29 23 2 89 37 4 12 84 33 10 34 73 16 62 35 90 17 53 95 29 82 91 64 23 78 43 12 84 25 66 25 54 42 79 43 79 84 7 15 17 18 2 90 86 64 77 76 82 31 72 11 65 15 27 89 93 22 53 30 47 20 7 53 14 87 96 45 71 56 60 40 74 62 82 12 27 60 88 61 43 12 72 8 79 52 97 73 74 3 3 74 75 62 27 89 49 76 34 20 32 94 60 6 9 95 18 36 55 58 49 50 23 73 58 2 25 8 27 52 11 82 26 86 45 53 27 94 29 61 67 13 7 79 71 16 74 41 4 29 0 53 79 75 27 90 29 4 98 9 56 61 91 82 99 88 36 26 83 17 87 2 83 94 81 54 11 56 96 67 37 48 21 69 23 0 59 4 4 9 13 61 70 5 43 21 
Maior(es) sequencia(s) programação dinamica:
0 2 5 6 8 10 11 13 18 20 21 22 26 27 28 30 31 34 36 37 38 41 42 48 49 50 52 59 62 64 68 69 70 71 72 73 76 77 78 79 84 86 87 88 89 94 95 98 99 
Comprimento MSC: 49
Tempo: 374.000000 ns

Maior(es) sequencia(s) programação gulosa:
4 9 10 11 17 18 23 25 27 31 32 35 37 38 40 42 43 44 47 48 49 51 56 57 63 64 70 71 72 73 76 79 81 82 84 88 89 90 91 93 94 95 98 99 
Comprimento MSC: 44
Tempo: 43577.000000 ns

O método dinamico obteve um numero maior de MSC do que o guloso

O metodo dinamico foi mais rapido que o metodo guloso
