Numeros:36 58 40 54 65 44 77 58 28 58 21 28 39 99 31 18 81 73 69 57 10 30 82 47 72 44 32 82 83 19 54 19 29 94 25 95 38 3 5 19 13 78 47 5 78 78 23 11 51 44 20 14 74 2 61 46 47 45 81 82 64 35 53 93 81 30 40 72 85 45 91 99 76 38 4 6 16 79 17 20 23 38 86 97 92 99 96 91 44 77 25 60 64 78 5 97 61 46 69 46 43 60 45 71 98 1 77 67 80 47 39 55 37 25 53 29 76 1 73 72 30 98 32 94 29 89 91 90 87 13 36 83 73 34 54 24 35 32 91 68 31 30 23 68 7 28 97 35 29 70 7 59 21 91 5 50 32 49 40 20 62 76 3 35 62 9 59 98 93 2 18 24 84 41 92 91 22 42 78 51 64 85 11 85 28 68 35 61 17 75 33 79 4 36 15 66 97 26 16 91 29 86 15 13 80 60 57 2 2 35 5 18 73 16 4 53 37 39 14 54 67 47 34 23 35 1 41 33 27 10 76 8 96 43 22 76 3 31 30 57 18 36 76 43 4 32 97 41 71 11 96 38 11 30 13 98 83 55 83 10 65 59 19 61 3 93 90 58 76 20 68 94 56 96 38 61 28 87 2 99 50 98 90 61 80 3 12 63 10 95 26 75 55 97 89 10 42 79 20 18 99 88 64 56 84 54 69 64 41 71 16 92 22 6 5 54 61 17 70 72 13 48 99 20 45 88 82 87 67 2 57 19 43 21 75 27 76 44 44 17 67 60 61 41 66 67 96 79 84 18 3 49 66 3 69 11 91 51 50 11 54 59 30 97 80 57 76 8 53 72 78 20 32 39 14 50 58 10 30 43 28 85 92 46 88 14 57 32 17 59 95 23 18 25 20 50 34 49 59 87 21 89 59 54 28 73 56 87 35 86 82 15 72 26 61 12 92 70 96 10 29 91 33 99 68 6 50 54 7 9 41 28 98 53 34 78 26 43 17 14 29 51 81 53 78 95 18 70 65 66 32 47 10 66 46 78 72 48 33 79 9 26 59 59 79 46 38 58 89 7 24 70 59 5 76 89 0 94 11 18 12 44 17 22 10 15 1 82 64 86 13 73 64 24 33 44 70 23 54 11 82 78 34 41 35 10 30 88 56 42 58 68 86 75 91 48 90 44 82 6 82 95 32 46 71 17 42 94 40 48 5 22 26 39 16 14 1 98 54 57 92 12 26 30 39 69 78 81 13 12 88 47 7 20 93 79 89 88 73 29 36 30 3 15 22 71 29 23 22 35 33 14 47 11 97 86 80 75 67 45 40 7 92 47 79 37 78 68 25 3 49 62 86 5 77 8 76 58 83 98 93 16 65 40 27 62 78 7 89 97 4 29 5 96 29 36 34 59 5 59 15 54 21 1 59 50 61 88 8 44 38 1 61 3 93 40 17 71 48 7 69 4 88 26 1 17 62 87 29 67 46 44 74 20 45 33 22 6 73 31 2 12 32 63 15 78 4 33 49 4 92 70 8 80 96 61 50 11 48 79 78 47 23 4 19 20 90 41 26 63 24 28 75 57 44 43 35 0 28 36 56 20 7 16 52 55 78 2 66 78 33 97 25 56 1 96 76 43 38 54 7 62 35 34 71 31 77 58 83 5 47 39 77 54 55 30 61 85 84 28 64 18 77 41 26 30 38 55 74 28 61 33 42 48 19 66 31 97 76 14 54 23 5 84 29 13 66 91 98 50 71 14 20 0 8 99 30 98 6 56 26 67 41 20 68 61 38 99 10 15 14 64 38 19 0 20 32 66 11 83 69 34 97 89 34 5 40 64 3 46 73 81 66 14 54 34 75 92 33 85 59 47 2 50 19 54 70 51 21 33 86 90 67 84 31 1 41 72 17 97 70 90 30 36 5 36 70 32 81 56 70 40 3 24 42 74 78 12 26 51 45 64 41 12 48 25 13 42 49 31 91 19 73 21 8 30 10 78 15 91 34 85 83 90 61 26 64 39 38 42 91 36 7 84 48 7 9 14 1 10 97 92 82 70 66 90 53 76 20 68 67 7 53 50 97 14 76 13 5 67 8 48 3 67 33 3 26 94 17 28 5 66 20 87 89 38 77 42 14 49 10 81 56 15 84 5 81 12 19 86 79 79 87 82 46 20 38 72 66 7 52 71 74 25 10 63 63 39 57 78 89 67 11 45 82 95 51 15 8 22 53 39 53 40 74 99 60 12 23 27 19 28 50 45 53 61 8 16 0 17 
Maior(es) sequencia(s) programação dinamica:
2 4 5 7 9 10 11 12 13 14 17 18 20 21 26 28 29 32 33 34 35 36 37 38 40 44 45 49 50 52 55 56 58 61 64 66 67 68 69 70 72 73 76 77 81 84 86 87 89 95 99 
Comprimento MSC: 51
Tempo: 363.000000 ns

Maior(es) sequencia(s) programação gulosa:
3 5 6 7 9 11 13 14 18 19 20 22 27 28 32 34 35 41 43 46 48 54 56 58 68 69 71 75 76 78 80 83 84 85 86 90 91 92 94 95 99 
Comprimento MSC: 41
Tempo: 40928.000000 ns

O método dinamico obteve um numero maior de MSC do que o guloso

O metodo dinamico foi mais rapido que o metodo guloso
