Numeros:98 88 31 3 10 13 88 67 35 22 88 20 58 67 66 24 73 80 50 96 40 55 95 35 21 35 79 2 29 58 57 28 98 40 83 9 53 71 28 41 93 16 61 4 35 79 28 9 59 30 57 0 85 52 87 59 39 66 13 69 76 70 49 74 11 32 35 16 55 63 57 0 32 70 4 67 49 85 28 61 15 85 13 53 89 52 12 81 18 25 2 94 95 51 20 58 35 56 75 90 71 84 90 3 55 95 23 56 80 51 69 47 89 34 0 78 86 12 11 4 89 13 50 85 64 71 95 99 27 70 41 50 55 84 54 62 79 29 18 11 80 88 10 21 22 11 0 9 75 11 65 65 77 16 2 41 39 97 93 66 20 86 68 27 70 22 89 1 51 7 12 84 47 75 5 22 38 57 83 13 21 0 30 98 16 84 91 7 82 36 73 54 23 42 81 45 16 70 47 20 29 11 56 77 86 61 51 24 71 34 90 44 86 20 42 55 57 85 62 39 74 88 93 49 82 26 94 98 96 93 70 25 5 26 54 43 40 5 68 63 91 10 7 78 82 1 33 39 86 47 30 12 35 75 61 17 1 8 68 97 1 38 75 6 17 29 2 57 87 70 72 78 32 79 8 14 80 93 6 18 41 36 31 76 12 44 46 65 52 14 63 54 4 38 12 21 19 14 30 6 36 2 37 20 81 45 35 13 91 93 84 84 29 67 12 93 11 58 59 64 72 74 70 29 12 34 50 83 49 81 90 37 35 27 58 17 24 45 82 15 38 66 99 67 33 12 13 97 70 72 13 95 46 83 24 10 69 26 93 70 59 35 8 95 62 18 64 87 63 46 2 1 65 54 20 50 66 85 47 88 57 60 83 55 95 59 17 65 86 63 35 97 98 95 92 61 13 56 0 76 55 54 29 72 8 2 22 74 39 70 63 49 82 98 4 78 58 74 43 96 37 30 93 87 26 38 0 39 94 0 68 1 55 49 73 63 3 96 90 43 18 53 92 0 51 48 30 61 22 73 9 11 56 3 51 82 41 51 73 87 4 93 41 59 43 14 74 98 62 64 41 80 69 33 33 21 34 63 34 56 89 44 20 45 99 71 79 40 74 4 79 78 98 20 89 93 87 64 91 49 
Maior(es) sequencia(s) programação dinamica:
0 2 3 4 9 11 12 13 16 20 24 25 26 30 35 38 41 44 46 52 54 58 59 64 66 67 69 70 72 74 78 87 90 92 93 98 99 
Comprimento MSC: 37
Tempo: 278.000000 ns

Maior(es) sequencia(s) programação gulosa:
3 10 13 20 21 28 30 32 35 49 53 56 62 65 66 68 70 71 74 75 78 79 80 81 84 85 86 87 90 92 93 98 99 
Comprimento MSC: 33
Tempo: 11628.000000 ns

O método dinamico obteve um numero maior de MSC do que o guloso

O metodo dinamico foi mais rapido que o metodo guloso
