Numeros:89 24 95 99 97 36 48 93 45 38 23 57 1 0 14 30 17 16 47 42 10 53 38 42 41 4 27 95 2 13 31 91 89 26 43 86 14 43 32 12 81 7 21 82 7 35 64 77 4 11 19 66 16 57 8 58 14 88 5 16 53 36 60 42 14 3 81 81 46 13 93 79 20 14 61 80 50 78 57 6 41 28 72 58 86 32 16 52 20 73 68 25 10 28 20 76 83 1 57 81 66 50 60 86 65 74 18 67 52 75 73 93 4 97 51 42 29 19 94 2 93 14 27 55 95 99 31 78 0 41 12 66 91 72 5 8 46 23 75 50 51 48 44 7 45 47 49 27 19 95 29 64 61 8 71 56 8 54 87 60 95 99 27 87 71 84 95 70 7 23 20 10 71 16 17 69 16 18 48 35 13 77 51 75 37 22 83 45 76 70 6 24 69 85 11 93 69 58 63 76 81 35 87 5 4 4 26 20 75 74 7 88 3 10 15 40 32 99 38 60 69 44 84 91 29 47 84 98 58 99 26 91 86 65 48 42 22 74 62 97 0 21 37 55 31 53 96 15 4 34 76 73 30 12 16 11 12 52 9 70 3 87 13 90 5 62 32 27 36 47 76 89 68 13 44 52 66 92 67 70 26 95 96 8 60 64 19 72 17 80 94 20 20 59 10 25 21 95 52 10 42 80 99 62 93 95 14 12 88 34 34 66 29 30 75 41 47 94 65 64 27 59 84 47 19 47 72 92 42 76 2 36 56 53 98 49 49 65 61 37 51 48 3 80 30 78 74 77 25 39 41 52 51 26 99 22 73 23 14 67 99 17 3 55 22 53 56 71 70 70 8 21 18 64 54 48 42 28 26 19 67 67 23 70 45 22 92 70 45 7 37 96 76 92 51 98 98 8 70 68 78 30 42 48 94 96 96 89 76 74 60 95 94 84 66 39 58 58 62 4 17 51 52 93 44 4 44 42 64 66 62 94 96 56 42 43 4 90 32 80 65 92 28 11 76 94 50 35 4 64 91 22 16 43 67 60 99 11 54 15 29 68 9 26 25 3 69 29 46 53 62 63 97 90 74 26 84 24 61 40 89 4 14 5 99 82 17 99 45 23 66 75 91 28 53 68 31 74 98 29 
Maior(es) sequencia(s) programação dinamica:
0 2 3 4 5 7 8 10 16 17 18 22 24 26 29 30 32 34 36 37 39 41 42 45 48 51 52 56 64 67 68 69 74 84 89 91 98 
Comprimento MSC: 37
Tempo: 169.000000 ns

Maior(es) sequencia(s) programação gulosa:
0 2 4 5 6 10 14 19 20 22 24 26 29 31 34 36 44 52 60 64 65 67 71 76 78 89 90 92 94 97 99 
Comprimento MSC: 31
Tempo: 9780.000000 ns

O método dinamico obteve um numero maior de MSC do que o guloso

O metodo dinamico foi mais rapido que o metodo guloso
