Numeros:71 1 22 50 51 2 81 52 82 54 53 53 16 98 64 81 98 40 72 36 67 14 15 25 50 35 55 9 88 37 51 11 90 73 61 41 75 95 46 9 49 51 63 17 49 79 99 99 19 71 36 86 38 3 12 40 38 67 49 79 56 0 90 99 25 4 92 52 51 38 62 0 89 77 18 91 56 69 90 27 92 78 66 82 34 30 22 72 49 24 3 5 76 46 4 54 2 49 6 53 87 20 5 77 49 23 20 5 44 10 85 37 89 51 19 23 81 94 47 82 18 3 87 46 49 44 0 3 93 7 56 32 79 61 9 29 37 29 86 33 92 23 70 33 74 42 8 7 36 7 89 6 10 29 52 11 25 53 14 70 12 70 2 43 84 64 24 73 93 11 6 37 34 29 70 61 23 78 20 11 38 10 17 48 91 21 12 16 26 26 86 90 49 40 34 33 4 58 58 50 21 64 87 56 45 10 69 68 40 89 79 78 51 96 79 42 70 91 10 96 17 48 87 66 89 73 51 93 31 9 43 53 26 83 61 71 93 30 40 85 19 71 64 71 20 43 65 90 34 76 86 3 24 25 70 13 98 73 59 82 35 54 87 61 37 0 84 82 30 76 68 1 48 84 24 68 27 90 58 13 18 96 16 42 74 38 8 24 12 67 6 99 21 45 60 11 45 96 45 75 73 65 29 21 49 53 41 28 95 99 41 13 47 10 8 73 48 16 98 12 83 4 11 56 2 23 19 47 20 17 75 93 34 4 66 84 9 7 64 57 58 58 70 57 68 30 31 68 46 29 81 81 85 92 90 87 16 61 87 88 78 62 81 13 18 99 49 79 6 65 36 16 23 59 73 43 89 4 12 88 85 93 69 71 37 59 10 5 21 97 93 51 59 26 16 29 25 65 9 83 83 97 99 6 8 25 50 50 29 62 38 15 7 59 38 96 19 48 2 92 46 47 95 57 26 12 87 51 29 48 87 12 45 38 19 6 63 21 56 45 35 46 12 94 5 50 90 76 50 92 20 96 92 16 54 18 28 93 21 9 41 60 22 86 99 93 44 62 66 0 59 1 98 71 95 4 73 85 32 24 30 53 20 74 69 26 92 49 19 65 58 12 26 32 99 25 25 95 39 43 
Maior(es) sequencia(s) programação dinamica:
1 2 3 4 5 6 7 8 10 11 12 16 17 19 20 24 25 35 37 38 41 47 48 56 57 58 61 62 65 69 71 83 87 90 92 93 95 99 
Comprimento MSC: 38
Tempo: 239.000000 ns

Maior(es) sequencia(s) programação gulosa:
1 2 3 4 5 6 10 11 12 17 21 26 33 40 42 43 53 54 58 60 65 66 68 81 85 87 88 89 93 94 96 98 99 
Comprimento MSC: 33
Tempo: 9680.000000 ns

O método dinamico obteve um numero maior de MSC do que o guloso

O metodo dinamico foi mais rapido que o metodo guloso
