Numeros:94 74 52 4 6 72 30 30 89 93 19 42 69 68 24 31 14 55 81 63 5 57 92 20 95 27 69 30 47 81 11 41 55 15 45 14 88 28 96 77 73 15 19 43 36 95 74 50 51 7 13 56 17 57 76 12 84 97 94 31 78 6 25 85 21 22 99 61 50 96 38 24 11 10 67 47 5 93 49 56 53 63 12 70 20 40 34 57 37 28 88 67 86 13 53 60 36 4 21 38 0 12 62 64 22 81 63 27 27 65 36 32 28 48 54 0 41 88 57 30 68 98 98 7 63 3 19 51 7 92 90 60 4 4 76 26 38 39 6 17 4 42 49 84 42 3 37 83 43 46 66 63 44 64 22 60 19 41 11 26 34 1 38 38 58 14 17 96 6 23 65 10 17 14 47 59 69 36 95 12 82 61 27 79 77 50 39 96 91 50 74 77 4 65 68 62 79 85 10 85 60 75 48 77 41 95 36 10 83 31 74 65 44 1 44 73 51 83 69 95 86 96 72 90 13 40 4 92 77 66 30 37 93 78 14 34 25 51 44 8 34 70 73 31 71 70 4 75 5 26 70 91 22 42 81 87 35 37 79 12 3 9 50 96 39 64 82 64 67 78 24 54 48 50 85 20 20 89 95 77 15 17 69 89 11 2 76 46 40 8 11 95 17 13 44 9 29 26 25 97 57 50 51 5 52 36 77 72 77 24 1 93 41 70 34 5 73 11 3 65 19 14 60 88 79 56 97 9 83 23 6 40 25 9 97 77 97 27 1 74 51 2 19 45 73 54 2 98 65 5 15 36 72 27 76 51 84 74 60 19 49 18 11 74 79 8 51 76 87 4 3 39 6 22 36 31 28 90 29 45 95 96 81 67 24 58 71 8 84 83 27 85 54 38 59 33 46 62 62 86 66 17 25 24 91 13 56 20 3 37 65 50 34 99 70 58 57 41 66 93 76 45 78 30 83 89 16 81 3 30 67 21 47 44 45 38 9 53 10 64 91 76 15 77 75 85 87 84 78 5 77 54 50 7 37 33 48 5 66 3 35 34 24 34 30 21 24 40 75 35 4 18 11 71 47 86 56 34 22 86 39 51 93 41 10 30 74 58 87 92 61 22 78 37 8 9 58 32 1 85 67 5 55 30 77 2 68 85 36 90 24 27 41 17 68 51 99 94 61 86 87 74 60 17 11 68 26 22 52 27 7 72 85 63 2 14 17 23 51 54 13 75 33 7 44 54 10 95 48 72 81 87 46 93 5 10 13 83 32 66 11 91 38 48 6 92 62 24 15 13 30 81 89 63 88 85 17 98 81 18 22 14 57 21 8 62 31 21 46 15 39 9 58 77 57 65 70 19 89 37 84 71 18 25 86 6 11 56 57 92 74 79 6 31 52 66 46 83 88 44 50 27 5 9 57 62 26 79 33 67 16 17 38 35 95 24 93 6 32 50 98 6 82 56 90 34 23 88 70 63 84 72 42 89 33 99 3 59 30 88 26 47 57 16 82 52 93 75 58 25 78 8 84 60 65 26 46 40 66 16 55 50 89 97 91 22 49 94 34 79 34 12 26 91 29 60 44 74 88 54 51 18 63 35 30 80 13 76 72 79 93 27 81 34 76 24 8 25 18 42 5 4 7 83 96 36 96 92 62 36 46 13 54 61 1 84 93 14 60 65 46 5 44 27 91 21 52 52 46 22 94 3 79 1 39 75 89 87 67 51 23 65 17 29 27 18 13 72 32 25 38 30 83 82 10 74 55 14 26 54 88 73 57 67 26 48 42 68 35 61 71 10 27 88 39 6 6 52 78 91 30 68 21 13 3 31 39 58 97 18 12 86 43 22 53 69 70 96 89 58 9 61 68 88 1 8 46 8 12 77 51 94 45 24 7 0 8 99 11 5 17 75 91 12 97 45 33 20 93 23 30 54 36 98 43 37 58 89 97 71 66 48 65 64 73 25 16 33 76 27 38 45 3 82 57 52 27 90 24 72 13 54 26 49 5 21 39 63 63 36 86 81 85 4 45 10 81 62 43 57 41 33 2 96 15 59 49 94 1 25 18 67 32 97 68 37 18 7 52 81 44 39 15 81 95 12 91 76 26 86 33 68 19 87 64 87 98 65 81 99 91 0 66 75 97 35 12 67 42 16 1 86 7 16 19 2 28 10 78 55 48 63 75 20 2 91 7 0 57 40 0 0 92 66 75 89 53 39 9 48 55 10 86 63 78 6 17 6 68 48 13 17 11 40 89 14 32 96 14 89 
Maior(es) sequencia(s) programação dinamica:
4 5 11 14 15 17 20 21 22 27 28 30 31 34 35 37 39 40 41 45 46 47 53 54 56 58 60 62 63 65 66 67 70 72 75 78 79 80 81 83 84 87 88 89 91 93 94 95 98 99 
Comprimento MSC: 50
Tempo: 376.000000 ns

Maior(es) sequencia(s) programação gulosa:
4 6 7 10 12 13 14 17 23 27 31 34 35 37 39 40 41 45 49 51 54 56 57 58 61 63 66 70 71 74 79 83 84 88 89 91 93 94 96 97 98 99 
Comprimento MSC: 42
Tempo: 43646.000000 ns

O método dinamico obteve um numero maior de MSC do que o guloso

O metodo dinamico foi mais rapido que o metodo guloso
