Numeros:83 68 13 70 25 24 63 40 15 37 48 77 43 16 39 74 94 80 15 63 51 60 51 64 55 70 23 8 75 72 68 58 92 81 81 70 5 44 10 72 33 10 50 28 27 41 54 73 22 69 88 25 29 40 90 36 10 65 96 37 89 64 96 82 45 29 4 2 25 14 75 58 76 77 86 3 18 93 76 40 62 65 66 44 57 8 80 19 73 29 57 62 93 53 96 39 34 0 93 59 66 68 17 43 45 55 98 64 0 27 56 63 44 74 59 1 82 91 20 55 20 77 70 14 82 66 5 16 19 98 75 85 67 44 80 64 52 79 28 52 6 85 67 50 59 26 51 94 18 23 49 38 53 71 4 35 90 9 4 9 60 31 46 79 28 27 43 80 6 72 84 64 9 4 14 20 82 17 14 0 40 16 91 93 87 47 81 29 9 85 38 69 16 85 0 96 64 43 76 22 67 13 86 76 17 0 49 99 17 63 52 9 79 95 55 19 42 36 48 51 73 39 72 41 76 72 38 40 68 66 62 35 79 48 64 48 0 13 0 69 76 52 78 8 99 85 79 41 21 27 45 46 66 69 88 94 94 26 34 62 92 48 49 24 48 13 72 48 26 24 69 55 28 48 63 27 85 94 21 7 21 66 5 40 87 93 34 81 71 21 95 16 69 45 40 70 58 64 18 37 41 88 92 69 88 7 97 73 1 18 32 74 36 38 66 23 83 1 57 55 74 52 23 95 97 63 65 8 79 36 45 20 76 89 90 64 96 39 89 49 57 74 23 45 64 90 20 47 43 77 54 17 82 77 12 31 92 78 39 24 66 36 44 42 25 86 6 21 77 47 22 86 73 46 31 37 88 4 37 83 81 91 0 15 21 64 47 65 94 38 89 60 75 86 2 52 24 60 26 2 60 48 88 33 46 72 71 34 76 60 17 9 3 69 25 24 86 24 90 80 14 31 41 41 17 95 94 42 8 20 44 68 68 84 1 15 56 24 1 32 84 71 42 88 92 19 64 78 43 6 59 57 38 52 51 55 99 45 49 7 65 45 75 85 30 29 52 86 53 54 71 90 77 13 30 21 32 46 0 27 53 11 36 43 15 87 50 14 32 0 22 49 45 49 35 27 78 87 14 84 93 85 74 22 50 56 44 82 2 96 61 55 7 97 50 22 37 1 36 69 53 10 71 98 12 58 26 90 97 92 74 43 77 0 65 79 56 61 61 59 57 74 66 64 71 17 38 8 70 27 30 23 37 53 73 1 11 99 92 8 43 18 51 72 71 69 51 79 30 64 38 40 38 57 4 62 26 43 22 96 22 4 19 11 57 92 13 20 44 57 81 87 27 32 60 98 53 63 78 36 28 68 76 66 25 32 80 51 27 3 47 49 7 18 61 17 11 74 37 7 31 18 94 58 3 6 9 56 70 87 44 50 7 20 68 33 53 49 36 32 52 36 82 59 54 43 28 17 69 66 24 0 84 71 10 39 77 71 96 99 58 92 1 18 13 70 3 18 19 39 50 71 27 32 82 82 27 11 51 96 29 28 48 65 99 11 5 28 82 53 80 93 45 81 11 58 51 14 28 70 5 31 93 33 15 28 67 43 91 70 91 20 98 92 85 97 3 90 78 37 43 58 30 41 91 93 51 43 59 80 65 17 11 59 2 26 39 69 21 30 91 65 2 90 57 87 39 12 30 69 1 25 27 84 66 19 29 18 14 89 50 79 6 13 90 8 91 29 29 65 11 72 30 13 62 39 1 54 3 83 23 4 8 3 40 27 74 70 97 88 11 47 67 17 60 10 77 3 39 58 68 3 30 98 16 45 89 17 99 92 52 74 49 61 77 41 40 51 11 37 91 22 36 11 91 48 21 20 51 12 30 20 15 61 70 32 58 12 1 9 4 54 83 5 67 13 47 7 16 10 96 8 33 32 19 76 80 92 97 31 56 27 3 72 40 26 56 98 38 9 7 94 15 43 0 82 56 99 41 72 9 37 32 94 21 51 71 1 95 20 85 52 99 40 76 40 66 84 90 4 93 98 99 9 93 51 43 49 50 85 21 11 74 6 6 48 9 29 1 5 49 86 9 48 27 85 40 93 69 31 50 14 81 49 23 74 0 67 23 50 4 96 61 30 2 19 78 12 48 80 69 49 18 78 98 97 15 38 43 36 21 93 50 2 42 26 76 94 93 51 96 49 48 9 31 2 29 62 66 29 94 35 79 12 13 29 62 28 67 5 64 41 50 67 43 92 93 72 38 38 
Maior(es) sequencia(s) programação dinamica:
0 1 4 6 9 14 16 17 19 21 24 26 27 32 36 38 39 43 44 46 47 48 49 52 53 54 55 56 57 60 63 66 68 69 70 71 80 81 85 87 89 90 91 92 96 97 98 99 
Comprimento MSC: 48
Tempo: 352.000000 ns

Maior(es) sequencia(s) programação gulosa:
5 10 14 18 19 20 23 27 29 36 38 40 41 45 46 48 49 55 58 64 65 66 68 71 75 77 78 79 81 82 84 85 87 89 90 91 92 94 95 96 98 
Comprimento MSC: 41
Tempo: 42084.000000 ns

O método dinamico obteve um numero maior de MSC do que o guloso

O metodo dinamico foi mais rapido que o metodo guloso
