Numeros:44 45 59 87 48 0 11 22 45 67 63 98 57 51 25 61 30 14 84 8 5 29 4 92 94 32 70 35 27 7 72 23 5 83 11 5 83 74 79 29 42 94 79 99 45 5 12 75 71 48 35 77 30 39 69 24 72 91 59 51 51 83 27 8 66 90 13 2 64 44 83 58 38 62 10 84 67 22 59 39 23 47 68 5 86 37 29 10 80 41 62 31 24 41 39 43 31 4 97 95 48 80 54 87 42 64 23 62 38 82 53 13 29 21 18 68 10 48 78 90 89 92 22 65 33 13 60 16 18 57 12 66 37 66 5 32 82 28 94 20 63 47 86 92 20 4 12 30 4 43 20 45 87 94 11 73 8 23 89 26 81 1 44 70 19 50 2 1 78 96 74 41 95 12 86 15 16 50 45 21 93 18 66 33 12 29 6 72 5 95 50 86 49 95 56 68 97 59 22 75 7 48 69 3 60 7 18 28 9 64 49 55 82 68 88 46 49 94 19 6 41 69 92 90 64 1 59 13 12 33 41 19 33 10 74 93 69 93 21 78 9 23 33 91 43 73 89 44 67 8 51 9 30 95 51 46 48 62 60 60 95 1 32 28 63 6 73 32 99 47 62 60 22 48 3 17 21 93 13 41 1 16 2 31 12 53 78 60 16 90 73 63 91 5 44 54 11 17 38 63 16 52 23 90 52 79 7 74 72 73 15 25 89 69 9 1 22 39 14 90 29 87 54 20 92 98 26 55 67 16 70 36 20 46 26 73 25 86 47 49 59 14 74 48 35 83 2 57 74 16 48 3 55 54 75 99 52 53 54 19 69 77 55 90 75 34 15 0 20 14 1 79 80 75 79 15 11 81 72 85 49 72 41 4 26 16 3 30 70 10 2 91 39 9 33 14 43 48 66 15 62 67 46 42 94 26 57 5 59 82 43 9 6 84 65 33 0 69 15 22 31 17 66 70 27 99 84 22 0 2 38 62 69 84 57 63 62 66 21 22 48 64 83 7 48 0 92 0 21 7 75 52 25 41 74 4 40 58 78 40 60 16 55 81 53 12 97 15 30 18 89 79 82 24 86 82 25 78 34 46 37 9 51 14 2 25 18 43 36 97 35 48 65 42 30 18 6 27 86 37 
Maior(es) sequencia(s) programação dinamica:
0 4 5 8 10 11 12 15 16 18 19 21 23 33 43 44 46 47 48 52 54 55 67 70 73 74 75 77 79 80 81 85 91 94 99 
Comprimento MSC: 35
Tempo: 162.000000 ns

Maior(es) sequencia(s) programação gulosa:
0 4 5 11 12 13 22 23 24 31 32 33 41 43 44 46 48 53 54 63 69 70 73 74 75 77 79 80 81 82 84 92 97 
Comprimento MSC: 33
Tempo: 9477.000000 ns

O método dinamico obteve um numero maior de MSC do que o guloso

O metodo dinamico foi mais rapido que o metodo guloso
