Numeros:50 31 0 65 87 57 25 29 68 45 89 56 46 11 27 80 50 1 18 45 3 5 65 67 15 69 79 96 90 9 16 92 41 16 9 28 26 34 57 94 31 98 2 78 9 29 10 11 82 81 57 85 86 74 53 54 43 84 50 85 94 19 29 87 35 38 15 61 25 24 7 56 22 10 86 83 91 49 95 74 30 4 11 68 78 16 22 74 1 25 59 47 96 89 34 31 79 1 45 4 25 4 61 99 66 99 82 58 48 77 84 30 33 95 99 12 12 73 38 65 50 97 64 46 38 98 30 70 51 27 74 76 31 87 75 50 87 9 60 87 39 44 18 72 91 17 36 55 42 74 72 45 24 36 91 62 86 21 32 37 0 59 65 84 98 92 34 85 2 94 25 41 90 43 65 33 12 2 41 6 76 13 51 0 2 43 15 88 16 99 78 69 58 95 53 57 88 87 94 42 33 71 83 23 14 48 56 78 2 49 85 79 63 88 31 17 83 98 57 52 98 35 21 8 83 74 17 71 61 64 13 94 35 48 69 2 48 77 32 51 27 69 82 42 58 65 59 41 64 16 93 14 4 66 74 87 40 92 10 53 56 75 99 43 23 68 97 23 98 30 26 25 99 8 67 9 26 78 3 42 94 48 56 98 15 30 37 55 74 47 61 82 22 60 78 97 81 75 21 31 5 47 56 57 8 75 66 34 5 69 28 99 18 84 50 33 66 87 40 93 35 53 75 9 14 53 7 47 81 28 78 86 27 86 95 87 13 62 21 18 83 1 17 1 37 19 86 4 7 79 49 94 32 76 3 98 82 62 45 63 42 75 1 70 61 97 9 26 59 83 44 42 84 14 96 22 33 34 26 92 13 27 38 98 3 94 96 85 56 94 0 51 69 2 73 83 99 82 61 58 65 6 52 50 72 0 72 57 35 50 2 0 77 40 50 32 86 47 18 95 93 70 46 14 72 19 97 71 53 59 29 19 17 34 69 89 86 93 98 21 43 0 74 72 93 24 4 79 23 74 74 16 45 72 31 17 43 80 41 97 91 22 16 60 56 37 1 43 82 0 16 77 52 42 49 45 19 5 77 42 32 3 11 29 76 94 98 19 74 39 68 18 62 36 78 70 25 80 13 7 
Maior(es) sequencia(s) programação dinamica:
0 1 3 5 9 10 11 15 16 22 25 27 31 32 34 41 43 51 53 56 57 58 59 64 66 67 69 75 78 79 82 83 84 85 86 89 91 94 98 
Comprimento MSC: 39
Tempo: 174.000000 ns

Maior(es) sequencia(s) programação gulosa:
0 1 3 5 9 10 11 15 16 22 25 31 33 38 39 42 45 51 53 57 63 64 65 66 68 69 75 78 79 82 83 84 85 86 89 93 97 98 
Comprimento MSC: 38
Tempo: 9817.000000 ns

O método dinamico obteve um numero maior de MSC do que o guloso

O metodo dinamico foi mais rapido que o metodo guloso
