Numeros:5 58 88 38 56 7 48 18 34 53 86 55 24 3 3 35 63 95 89 68 39 20 46 8 78 96 88 74 45 68 27 50 27 67 89 83 75 89 1 9 42 39 17 18 42 72 54 57 67 95 26 59 16 24 67 46 72 55 20 18 76 99 68 3 67 9 38 94 98 39 55 93 78 72 11 72 97 17 30 16 65 8 75 81 32 95 79 5 2 99 75 78 50 43 33 17 5 71 11 3 10 19 48 40 91 12 65 40 29 47 57 94 55 32 27 39 27 6 96 30 57 71 60 8 67 94 77 72 65 41 27 28 60 28 20 3 40 85 44 21 32 1 68 39 85 47 79 65 54 27 47 63 99 7 71 18 53 1 42 19 42 21 99 54 49 19 57 41 57 53 63 89 6 83 81 92 30 60 9 84 39 56 0 38 15 23 8 69 24 50 40 18 24 39 72 73 10 82 67 67 35 82 9 42 65 90 86 95 2 95 32 41 3 32 32 18 55 40 39 32 43 79 50 67 70 23 92 33 57 59 52 92 41 61 86 58 3 24 54 5 71 86 47 74 18 31 45 25 71 84 57 66 16 8 33 38 83 78 71 40 89 24 84 83 85 23 41 89 47 95 46 19 33 45 45 3 76 42 29 0 27 38 66 95 46 52 33 81 82 5 73 71 29 58 54 66 81 96 7 80 43 6 51 29 51 49 32 80 91 61 80 70 0 98 65 98 2 99 32 84 4 5 56 85 15 62 3 48 10 11 29 54 17 32 83 20 81 67 0 73 81 32 95 33 31 61 31 33 60 15 70 16 21 26 53 88 40 56 37 51 19 18 57 88 50 92 9 84 59 61 9 40 94 4 73 77 17 57 10 77 72 80 45 45 58 98 86 99 7 23 50 78 93 59 67 95 51 28 79 10 89 40 3 35 45 28 12 14 85 23 92 10 55 89 7 66 40 93 65 47 68 67 77 61 78 44 57 29 72 88 91 14 29 46 49 26 75 62 40 12 37 84 22 44 74 82 10 14 75 27 13 96 94 42 57 24 87 14 53 11 3 97 77 84 43 27 10 18 41 50 31 78 35 5 74 61 39 85 27 67 12 92 63 59 34 20 83 73 87 89 85 42 86 62 26 29 41 88 0 82 38 83 12 25 40 39 38 80 24 17 99 88 9 62 47 96 34 83 69 73 72 6 15 10 69 93 39 62 81 91 97 72 74 61 97 67 0 88 99 24 5 98 13 67 12 12 63 46 95 32 20 19 39 87 29 60 81 21 22 62 12 71 34 39 33 84 58 85 72 57 62 29 55 75 96 67 39 59 65 87 92 37 58 83 25 88 43 6 61 17 20 73 41 55 64 26 91 22 11 15 31 73 44 38 0 93 57 92 52 23 79 96 12 37 79 37 77 74 95 38 44 68 64 37 75 80 63 66 3 26 81 86 0 77 25 52 70 82 44 75 5 23 71 18 13 3 7 90 29 55 81 25 23 45 14 98 77 77 16 32 4 49 19 56 26 44 8 49 26 53 24 84 28 47 54 41 2 13 84 32 68 17 9 43 14 24 41 91 53 9 24 57 58 43 65 37 39 74 86 65 27 62 1 7 9 55 1 12 21 37 96 89 54 57 85 68 81 26 11 35 36 35 44 46 30 10 83 69 84 69 87 63 83 88 70 45 96 23 9 17 60 5 58 14 62 43 34 96 22 46 31 10 33 75 56 64 85 40 33 21 61 72 36 97 61 7 42 9 30 51 26 43 8 36 57 22 80 44 18 54 90 49 64 75 77 72 39 14 64 25 36 78 97 72 75 10 31 17 19 14 20 97 57 28 34 66 50 66 10 69 20 52 70 36 28 47 8 19 14 25 96 2 3 94 26 78 4 10 95 76 24 15 73 33 95 7 51 45 25 14 66 45 18 37 33 98 36 94 18 50 19 14 4 22 60 31 0 17 41 47 93 17 14 18 2 61 26 53 6 51 67 73 49 86 62 34 84 50 28 54 53 47 21 57 21 33 88 73 2 81 20 47 98 86 66 52 47 44 6 6 47 25 31 96 63 93 31 48 43 11 54 96 11 75 6 32 61 94 6 63 28 78 11 78 17 77 31 64 21 89 22 68 14 53 17 78 46 0 78 42 11 32 90 22 60 96 7 21 43 65 36 71 43 47 1 60 24 32 77 97 73 99 18 88 5 35 18 51 35 96 45 98 80 36 73 40 84 80 13 27 45 50 50 40 49 52 53 26 36 30 23 10 81 41 50 86 28 68 90 15 
Maior(es) sequencia(s) programação dinamica:
5 7 8 9 11 16 17 18 19 21 23 24 25 33 38 40 41 42 43 48 53 56 57 58 59 61 62 63 67 71 72 73 74 75 80 81 82 83 84 85 86 88 89 90 96 97 99 
Comprimento MSC: 47
Tempo: 558.000000 ns

Maior(es) sequencia(s) programação gulosa:
3 8 9 11 12 15 18 24 25 27 29 32 33 37 40 45 50 51 55 57 59 62 63 65 66 70 71 74 75 77 78 84 88 93 94 96 97 99 
Comprimento MSC: 38
Tempo: 44388.000000 ns

O método dinamico obteve um numero maior de MSC do que o guloso

O metodo dinamico foi mais rapido que o metodo guloso
