Numeros:9 7 41 43 32 28 53 90 68 2 73 37 28 6 21 97 24 38 43 64 63 99 47 69 29 18 20 84 28 12 41 89 19 34 32 4 62 85 94 82 39 19 20 20 78 93 69 2 32 12 18 47 63 65 16 44 83 88 28 12 1 70 1 72 4 86 76 19 23 23 53 15 42 25 35 20 19 4 74 3 69 93 50 84 58 18 29 94 58 9 6 11 31 59 84 88 97 12 59 21 87 12 36 30 38 23 2 57 79 29 12 48 74 62 85 32 32 14 78 90 75 36 2 7 96 38 47 93 50 6 66 90 70 2 72 8 25 74 17 5 55 29 5 29 43 90 62 75 56 92 18 84 29 20 43 25 58 90 70 60 48 37 50 18 91 22 79 17 49 48 74 4 78 79 86 73 22 0 1 30 92 19 14 21 91 9 46 1 99 69 13 99 58 64 18 49 38 97 18 39 45 92 96 75 24 82 1 98 82 2 28 74 73 95 96 16 4 94 17 56 15 30 55 73 46 25 23 37 74 41 76 20 86 24 47 10 6 48 8 88 2 88 15 27 35 11 43 92 57 12 48 73 43 55 98 41 81 21 78 55 15 7 27 1 31 27 63 38 27 23 78 30 63 45 9 99 8 53 91 66 65 91 91 60 46 89 2 79 63 80 87 78 39 66 31 71 45 46 61 73 69 91 55 84 37 64 83 45 69 74 63 87 17 54 47 64 44 49 95 7 82 34 37 21 53 20 44 98 18 5 71 87 97 26 23 34 43 7 31 12 33 95 99 51 1 47 67 45 48 62 4 82 49 93 56 2 65 0 0 83 6 72 22 55 50 46 41 93 53 72 58 86 19 57 89 21 56 56 66 57 71 23 91 20 68 47 22 34 48 74 17 6 98 92 13 49 38 54 94 43 26 52 81 46 10 71 67 18 27 85 75 98 60 67 70 81 14 44 15 14 19 84 72 17 76 85 18 66 91 13 9 18 65 91 16 75 14 35 94 41 72 21 92 33 88 14 14 55 59 81 21 30 17 94 47 46 31 66 12 23 31 74 93 96 17 9 72 31 96 18 24 68 39 16 53 80 83 19 35 42 0 8 72 70 2 71 16 86 89 80 9 20 54 54 17 23 15 41 54 11 
Maior(es) sequencia(s) programação dinamica:
1 3 6 11 12 14 17 18 19 21 23 24 27 30 31 34 37 43 45 48 49 50 53 56 57 60 67 70 72 76 85 91 92 93 96 
Comprimento MSC: 35
Tempo: 164.000000 ns

Maior(es) sequencia(s) programação gulosa:
2 6 12 16 19 20 21 23 29 32 36 38 43 48 50 58 64 65 66 69 71 72 74 75 76 85 91 92 94 96 
Comprimento MSC: 30
Tempo: 9660.000000 ns

O método dinamico obteve um numero maior de MSC do que o guloso

O metodo dinamico foi mais rapido que o metodo guloso
