Numeros:77 83 91 33 56 37 32 32 6 86 95 37 55 35 27 68 68 70 85 55 65 8 46 74 95 33 30 88 98 73 15 27 8 6 61 64 43 93 97 1 32 44 39 87 79 18 8 99 88 93 6 6 53 5 80 48 38 62 36 88 36 52 16 96 10 29 61 6 22 10 7 6 54 98 46 85 17 54 36 57 99 42 15 52 47 96 53 37 10 89 26 98 93 42 95 4 71 56 62 45 66 69 4 72 20 50 9 89 56 45 46 55 39 62 59 87 10 12 24 72 54 2 71 47 96 66 3 67 74 65 65 92 87 21 64 7 23 73 48 79 70 94 86 9 8 97 48 70 10 25 43 64 27 14 63 24 32 67 43 6 32 60 50 71 81 14 30 56 39 78 35 61 25 73 70 33 71 19 56 33 96 99 49 23 65 12 99 49 31 43 7 16 3 57 87 37 71 18 93 62 96 81 23 73 6 45 7 77 16 63 62 12 14 11 88 31 76 87 80 7 30 87 23 86 44 63 75 67 33 68 81 81 1 56 55 8 1 62 37 70 77 0 82 43 63 70 74 91 10 54 99 40 93 74 78 37 89 53 56 22 74 37 4 75 93 59 83 46 73 21 68 2 73 51 45 36 73 19 80 35 73 79 76 66 5 6 55 95 60 63 17 34 0 73 61 45 32 45 43 57 18 12 59 91 15 4 79 40 23 59 76 48 90 4 66 48 10 73 43 22 36 12 8 88 86 70 85 70 67 29 28 85 93 87 28 8 44 59 0 67 71 76 68 61 32 86 9 43 60 4 17 48 69 78 37 7 48 22 77 67 3 57 52 96 97 32 56 41 91 57 60 14 85 80 28 18 67 37 13 79 94 30 27 63 8 64 70 8 39 99 27 42 57 31 39 54 63 47 47 7 4 7 21 90 88 49 60 7 39 73 86 85 55 13 48 16 30 70 76 69 69 4 63 78 35 54 84 51 2 31 58 58 91 31 0 31 33 60 38 24 85 76 9 93 41 9 9 71 79 85 92 0 41 8 79 29 62 63 80 16 47 90 75 90 73 75 21 6 88 11 82 25 87 91 18 28 52 27 52 31 65 96 84 58 4 15 87 19 30 67 35 77 57 62 67 83 90 40 89 78 51 72 3 90 15 22 71 68 1 75 51 18 71 35 77 28 50 64 47 81 84 34 10 93 97 30 76 39 70 66 17 74 90 72 64 57 46 35 77 0 10 29 18 34 16 95 62 19 60 61 52 44 47 62 89 96 44 66 35 15 84 4 41 74 29 5 83 27 93 61 27 55 90 46 41 58 41 55 77 53 68 29 49 16 92 39 64 36 5 52 3 41 56 44 67 37 2 50 65 47 11 92 54 53 38 48 12 32 3 89 37 72 19 39 40 63 78 4 51 35 56 7 28 65 3 95 2 5 45 67 4 9 60 11 14 50 59 26 34 62 68 72 86 39 11 26 2 41 83 5 28 91 12 56 56 16 51 11 73 48 78 78 57 90 41 24 93 0 50 27 14 70 51 1 9 14 79 63 7 14 69 35 6 81 43 14 97 46 25 23 47 56 53 56 46 94 80 91 46 83 71 60 53 22 13 63 37 45 78 96 59 47 84 17 81 79 32 30 26 9 53 25 65 6 81 64 52 62 55 98 97 26 11 50 1 76 65 90 21 44 86 33 43 70 50 24 50 34 7 28 44 12 53 9 19 86 73 23 0 81 22 97 59 85 48 60 61 65 2 83 9 89 16 5 11 18 29 13 53 88 93 49 1 46 58 72 85 84 95 85 17 69 83 76 54 83 89 16 48 91 99 10 32 67 15 96 37 96 9 90 85 55 39 86 53 50 58 38 86 5 24 3 75 59 79 29 42 68 97 42 12 48 52 96 15 67 92 5 64 54 47 49 9 39 87 62 89 97 53 75 2 77 30 29 88 9 11 82 30 8 24 94 57 77 90 24 96 35 29 60 41 29 61 2 68 48 64 9 97 69 84 52 98 14 81 86 75 92 68 57 1 45 51 10 74 94 86 70 29 68 83 70 97 44 24 65 45 88 74 42 58 10 94 8 76 28 95 51 20 15 9 73 60 12 35 86 6 22 57 87 90 40 9 87 36 33 52 81 74 78 76 84 88 22 92 64 2 39 67 75 55 28 48 67 41 36 54 99 10 63 39 0 55 48 39 91 34 43 25 8 21 1 44 9 75 36 25 78 76 92 53 83 21 53 50 14 41 56 65 51 19 4 51 74 5 42 66 39 85 43 
Maior(es) sequencia(s) programação dinamica:
1 2 3 6 7 8 10 12 15 17 18 21 24 25 27 28 29 34 35 36 37 38 39 40 41 43 46 47 53 56 60 63 64 65 70 73 81 83 84 85 86 87 88 90 92 94 95 99 
Comprimento MSC: 48
Tempo: 519.000000 ns

Maior(es) sequencia(s) programação gulosa:
1 5 6 7 10 12 14 16 18 23 30 33 37 40 45 48 49 51 52 57 62 64 66 67 68 72 73 78 79 80 81 83 84 85 86 87 89 90 92 94 97 99 
Comprimento MSC: 42
Tempo: 44898.000000 ns

O método dinamico obteve um numero maior de MSC do que o guloso

O metodo dinamico foi mais rapido que o metodo guloso
