Numeros:93 45 48 71 97 44 87 86 26 97 19 10 13 81 75 86 44 12 56 2 4 25 22 23 17 79 86 12 69 79 27 62 76 27 85 73 23 73 11 49 70 31 60 35 64 87 21 9 0 78 63 56 55 86 79 24 17 18 88 86 97 15 1 25 94 86 50 69 59 61 19 82 92 31 69 9 18 91 18 18 21 33 27 76 19 6 0 89 24 40 75 73 56 28 50 2 15 0 72 26 14 43 60 6 74 30 67 44 73 37 15 94 71 42 70 90 48 22 31 25 62 7 50 70 35 1 25 2 1 49 81 15 44 93 74 18 23 41 14 96 79 29 42 2 71 12 92 72 86 24 97 1 83 47 71 70 48 48 25 2 97 6 69 41 51 43 11 75 37 26 23 68 7 66 70 79 30 14 3 69 90 0 70 73 99 93 96 0 94 21 2 43 79 71 37 30 67 48 57 56 26 33 24 86 51 46 17 81 60 20 2 3 72 24 76 71 18 24 71 12 97 25 7 28 49 44 59 68 45 68 24 23 1 0 9 52 46 26 86 58 46 88 61 18 13 90 42 83 14 13 47 12 91 54 92 40 99 51 8 96 72 84 19 73 84 29 78 30 55 64 88 54 4 50 72 69 40 66 52 6 32 51 70 23 6 63 15 57 66 75 53 38 59 72 64 43 53 42 25 9 58 13 15 14 15 39 84 7 6 88 66 38 40 36 13 98 99 28 55 18 3 60 56 14 84 20 9 38 14 34 99 24 99 14 39 67 53 23 74 59 11 40 49 51 29 62 1 80 42 8 98 97 68 7 11 5 79 20 95 46 6 94 70 6 60 9 73 13 32 99 25 96 92 26 99 73 89 1 53 31 9 4 29 30 11 92 35 42 65 30 88 71 76 59 29 36 68 2 1 53 54 78 49 98 5 48 71 46 49 24 29 59 28 10 41 91 3 76 34 20 58 22 91 34 33 21 22 2 75 23 55 81 54 4 79 59 4 50 57 54 27 38 65 7 49 6 99 4 34 85 24 92 59 67 26 93 40 48 95 68 23 2 49 77 58 81 88 62 83 97 68 10 36 33 18 85 91 69 41 25 54 65 17 65 84 95 58 25 95 5 93 71 59 94 0 17 75 89 32 11 
Maior(es) sequencia(s) programação dinamica:
2 4 9 17 18 19 21 24 26 30 31 35 41 42 43 44 45 46 47 50 51 53 55 56 59 62 68 70 71 76 78 79 81 83 85 91 93 94 
Comprimento MSC: 38
Tempo: 160.000000 ns

Maior(es) sequencia(s) programação gulosa:
2 4 12 17 18 19 21 24 26 30 31 35 41 42 43 48 51 52 54 55 57 58 60 62 68 70 73 76 78 79 85 92 93 95 97 
Comprimento MSC: 35
Tempo: 9676.000000 ns

O método dinamico obteve um numero maior de MSC do que o guloso

O metodo dinamico foi mais rapido que o metodo guloso
