Numeros:55 58 4 40 97 41 68 76 22 71 62 81 17 28 47 65 55 61 48 15 70 18 85 47 14 79 38 3 81 57 57 36 15 61 77 65 2 97 41 76 68 55 58 85 83 57 51 38 18 51 5 88 21 90 36 35 70 26 39 3 83 96 40 50 9 69 15 63 66 8 40 86 64 50 72 47 7 75 38 77 78 95 17 99 86 5 86 8 31 25 11 14 73 3 17 34 72 84 98 38 45 90 25 9 40 49 8 99 76 98 76 54 94 93 5 32 99 91 40 30 69 3 97 94 7 66 29 31 50 79 70 95 69 47 56 61 48 17 60 76 15 36 82 9 81 87 41 32 78 33 63 99 89 12 94 96 30 23 27 32 2 49 80 23 48 36 84 48 53 44 24 21 32 6 82 65 93 76 98 24 9 13 23 98 25 17 46 7 92 26 39 46 75 19 69 76 8 5 24 13 1 49 34 85 7 17 51 53 93 49 77 54 62 52 5 39 22 51 46 14 77 37 13 5 57 34 81 17 40 57 30 93 58 17 79 66 34 82 19 79 31 96 85 45 0 90 36 22 94 34 89 23 71 2 28 80 88 61 97 80 71 80 74 29 97 5 95 83 87 14 14 18 62 99 15 15 42 51 37 36 85 78 59 56 80 40 89 69 1 86 1 24 66 75 54 15 80 49 50 19 16 64 37 30 16 4 45 58 55 35 94 40 13 5 49 94 45 38 15 99 76 16 23 95 44 77 10 76 79 61 96 47 77 85 77 93 90 75 3 45 10 97 38 23 3 39 69 0 77 84 99 5 53 23 0 49 52 63 25 83 76 21 30 53 59 60 99 49 35 2 46 45 52 36 20 7 75 90 7 4 26 7 10 31 82 62 80 86 25 58 22 1 31 52 7 90 64 6 39 51 60 38 96 12 74 69 19 2 59 27 6 85 86 68 17 20 31 49 6 8 7 28 62 39 33 21 29 49 79 21 1 39 59 49 52 85 18 23 87 77 2 46 15 88 14 32 60 97 33 19 58 41 99 20 80 32 41 61 34 20 34 35 59 93 84 63 31 3 39 18 32 41 64 47 82 31 31 42 28 65 13 86 6 13 58 38 97 99 51 31 71 86 66 83 31 3 98 62 58 37 33 90 31 97 38 65 28 21 59 9 86 73 47 44 86 6 34 35 57 38 67 81 76 85 64 7 88 14 22 46 4 55 89 35 4 79 52 85 0 11 94 39 36 93 35 22 51 70 58 9 60 77 42 36 62 58 95 3 72 17 1 76 24 90 63 81 69 15 66 22 79 12 61 15 5 96 90 57 18 0 18 78 77 60 14 91 18 62 94 42 31 48 19 56 38 34 89 60 2 55 82 81 67 95 48 24 91 90 33 62 90 51 40 19 63 7 63 81 69 9 24 0 57 95 8 48 81 97 8 83 4 42 16 71 37 65 48 28 7 81 42 98 33 83 69 96 42 32 30 11 94 6 63 51 53 72 99 34 21 59 70 26 1 86 49 38 3 97 19 11 79 61 61 64 96 30 12 38 15 94 1 61 52 65 12 5 89 64 92 62 23 62 88 77 0 38 15 4 87 86 67 18 0 28 82 96 10 47 87 77 93 88 38 46 5 51 3 46 67 47 9 42 61 97 19 62 87 87 18 75 73 85 93 73 13 28 22 75 27 9 53 20 49 91 18 7 94 74 5 61 21 14 4 35 64 75 97 3 62 15 78 88 52 24 13 65 52 35 92 79 96 45 51 98 37 70 5 83 44 10 45 17 77 1 52 41 28 1 44 91 68 75 31 20 99 44 37 51 80 30 82 28 75 33 26 64 55 31 48 51 94 45 69 71 46 73 64 26 75 8 17 43 35 48 16 34 45 53 37 77 35 19 5 63 5 32 27 60 15 27 12 9 72 33 80 70 6 44 97 33 5 14 29 40 15 45 75 60 50 64 37 86 84 94 49 89 26 28 1 94 56 13 3 28 98 36 99 5 32 96 38 37 62 67 30 29 64 57 41 15 21 30 1 57 25 2 98 3 30 0 97 38 65 1 67 64 89 18 69 21 66 59 11 28 79 93 10 43 50 51 58 23 34 11 81 59 65 79 62 48 79 12 86 97 13 53 61 54 23 82 27 89 41 38 70 20 31 80 64 33 83 74 57 17 86 90 28 51 69 43 51 1 55 38 98 20 43 11 74 67 93 1 8 86 92 78 59 75 10 23 9 46 49 18 63 87 8 44 91 77 87 42 30 42 80 28 62 24 39 88 
Maior(es) sequencia(s) programação dinamica:
2 3 5 6 7 8 13 14 17 19 22 23 24 25 26 27 28 29 32 33 34 35 39 41 42 44 46 51 58 60 62 63 66 67 69 71 72 73 74 75 78 79 80 82 84 89 94 96 97 98 
Comprimento MSC: 50
Tempo: 472.000000 ns

Maior(es) sequencia(s) programação gulosa:
4 5 7 8 9 12 13 17 19 22 23 28 29 30 35 38 39 45 46 47 51 52 58 60 62 63 66 67 69 71 72 73 74 75 78 79 80 82 84 89 94 96 97 98 
Comprimento MSC: 44
Tempo: 42918.000000 ns

O método dinamico obteve um numero maior de MSC do que o guloso

O metodo dinamico foi mais rapido que o metodo guloso
