Numeros:20 16 65 9 47 98 75 47 56 30 59 96 77 3 26 72 92 63 12 94 50 55 29 0 38 20 14 45 22 60 20 42 76 85 3 75 83 31 23 91 13 34 88 42 37 66 14 81 29 79 75 31 86 56 84 24 77 98 21 99 58 41 94 86 26 49 61 61 32 36 5 45 70 93 87 59 11 54 41 40 33 16 23 71 73 7 95 50 57 68 1 15 9 47 53 87 49 67 0 81 3 5 27 26 50 14 37 61 68 78 53 53 95 77 24 20 84 71 22 42 39 75 9 0 75 63 39 24 30 40 5 85 97 32 63 48 99 1 61 19 79 15 25 26 92 1 98 76 73 72 70 64 48 80 17 23 95 56 47 77 48 52 14 98 37 78 46 36 31 59 7 62 74 32 41 66 34 39 95 7 12 17 23 12 49 40 35 96 49 34 73 49 86 40 47 75 70 45 63 1 5 71 15 79 3 56 98 37 48 45 96 60 14 20 24 64 12 59 60 13 93 86 63 31 26 10 7 96 56 70 49 13 93 64 92 97 21 42 34 69 39 31 81 54 3 57 18 67 16 30 81 61 16 44 44 94 6 3 42 14 26 91 27 19 8 72 16 29 14 3 50 54 34 83 60 89 40 78 56 8 60 89 21 77 85 17 71 92 21 66 6 99 57 86 18 65 58 87 46 24 90 48 30 76 83 90 65 75 20 73 35 81 63 56 10 48 26 33 92 47 99 51 98 57 37 16 74 47 55 73 71 45 21 2 73 57 92 38 32 65 64 68 46 79 76 56 27 2 89 72 1 89 23 99 98 12 68 24 59 23 97 30 69 71 32 42 28 77 33 60 42 49 80 40 28 57 48 7 11 37 79 13 78 54 64 28 66 32 53 25 56 50 56 77 73 40 19 1 69 4 14 63 5 46 55 85 55 3 93 67 93 24 32 71 79 96 0 45 29 5 23 85 55 31 62 29 23 33 82 93 90 96 8 47 95 64 33 50 19 26 17 12 2 49 36 81 98 88 79 27 93 2 64 0 33 78 81 56 11 64 1 53 12 10 1 7 26 34 58 97 12 27 10 14 29 98 48 27 86 27 6 79 29 70 79 14 48 61 70 11 77 72 17 89 34 18 49 12 4 7 
Maior(es) sequencia(s) programação dinamica:
0 3 5 7 9 14 20 22 24 25 26 31 32 34 35 40 45 48 49 50 54 56 57 58 63 64 68 69 71 77 78 79 81 88 93 97 98 
Comprimento MSC: 37
Tempo: 158.000000 ns

Maior(es) sequencia(s) programação gulosa:
0 3 5 7 9 14 20 22 24 25 26 31 32 34 35 40 45 48 49 54 57 61 66 68 69 71 77 78 79 85 90 96 97 98 
Comprimento MSC: 34
Tempo: 9733.000000 ns

O método dinamico obteve um numero maior de MSC do que o guloso

O metodo dinamico foi mais rapido que o metodo guloso
