Numeros:13 65 97 2 17 1 80 91 32 35 82 57 24 47 58 63 25 60 48 17 6 39 72 71 67 0 43 80 78 50 15 91 16 12 93 33 65 25 24 50 13 58 7 89 6 18 53 31 78 53 0 37 44 25 60 11 77 3 44 55 6 11 46 22 75 91 7 40 68 84 90 33 42 50 23 0 68 28 32 98 81 84 35 25 61 95 88 38 51 84 45 57 47 43 79 22 86 86 15 55 70 57 88 65 7 63 65 27 91 49 78 24 86 13 49 99 9 90 90 12 26 35 69 74 79 48 96 65 86 63 72 9 21 13 26 80 76 91 60 20 93 38 44 31 51 46 30 12 88 20 24 14 8 93 88 87 93 37 4 32 0 29 93 73 42 19 54 70 62 14 42 7 52 39 38 55 85 69 20 25 41 44 39 49 90 80 88 35 69 93 67 21 74 12 95 68 31 49 90 46 15 33 53 67 72 44 74 9 13 94 34 54 39 25 4 81 5 92 16 74 37 36 96 11 48 43 31 32 92 22 30 7 55 35 26 79 79 52 40 92 47 74 99 38 51 55 71 57 99 87 83 37 75 31 0 76 74 32 60 18 6 90 77 61 25 55 92 57 8 32 1 7 58 0 97 9 55 68 66 55 55 2 44 83 85 96 59 60 80 19 30 86 61 60 99 38 15 91 95 75 23 97 82 33 49 79 43 5 47 61 12 55 63 8 90 1 56 49 61 37 20 43 23 33 3 75 71 71 66 19 46 42 16 81 27 65 60 70 22 60 32 86 67 47 46 57 48 3 58 61 40 30 57 15 63 60 90 86 31 9 5 30 3 73 11 30 39 23 53 13 35 85 52 2 84 98 11 33 1 69 46 41 51 3 9 14 64 51 1 47 12 58 29 67 32 40 98 23 64 51 36 51 88 40 54 24 39 17 57 40 39 56 34 90 59 95 57 75 46 58 75 11 68 4 78 0 45 76 23 61 79 12 12 19 52 18 44 91 88 53 84 27 9 70 17 21 65 74 96 63 84 71 74 5 76 53 5 73 81 29 86 13 93 98 84 45 69 80 89 57 34 25 36 95 95 53 16 12 80 13 27 16 36 2 21 64 7 27 37 40 8 23 5 1 74 90 98 95 22 39 4 56 64 40 4 11 45 20 23 25 85 3 94 22 5 67 86 64 46 76 56 54 51 62 7 25 4 58 72 26 97 76 35 14 16 39 25 62 11 1 39 97 4 85 71 61 53 9 25 99 37 33 6 89 47 13 66 51 23 39 30 21 67 17 35 36 8 12 50 19 13 41 68 17 27 91 78 80 1 55 79 90 41 85 79 88 51 46 92 74 37 22 47 56 91 34 92 99 47 42 18 60 84 39 30 63 30 60 43 83 68 74 74 9 60 5 97 63 3 89 89 92 63 37 49 54 23 93 53 70 88 24 83 24 15 65 87 45 25 30 81 93 4 7 54 16 12 4 31 16 93 21 60 9 10 9 15 33 3 21 4 91 45 39 15 60 4 2 57 81 84 38 75 40 97 81 9 10 85 40 78 31 61 38 40 71 0 7 5 3 28 61 46 25 0 13 85 56 67 95 37 3 85 64 43 83 46 52 45 31 45 23 62 6 13 54 30 13 62 87 68 90 0 66 16 0 79 53 8 46 0 45 49 38 10 45 21 8 49 18 91 94 41 6 53 6 60 35 72 74 22 40 17 74 7 85 26 38 90 34 85 91 79 86 29 41 83 2 1 33 20 93 27 13 99 32 71 11 67 43 86 41 84 55 15 43 92 41 81 82 75 18 25 7 57 6 0 40 8 2 73 80 95 53 45 94 85 17 57 53 60 43 46 96 50 62 91 42 3 73 77 31 43 2 90 0 9 90 41 69 92 66 2 87 19 47 33 57 16 91 10 77 86 8 25 89 70 17 31 26 42 8 57 85 63 99 38 24 89 79 93 82 45 47 21 17 95 7 74 11 50 36 40 88 44 18 77 15 87 61 93 29 21 2 66 84 1 4 8 90 35 54 24 33 1 98 50 48 57 24 12 7 12 52 47 56 22 25 23 9 38 16 38 59 18 57 96 19 61 4 10 97 10 86 82 12 84 32 60 93 8 72 0 20 77 48 28 51 25 52 61 63 68 51 22 39 8 70 58 22 75 20 71 37 7 53 49 43 85 62 37 45 86 89 65 15 89 45 67 14 97 28 29 18 79 4 57 40 74 15 62 1 88 85 39 47 38 88 42 75 2 31 20 89 21 37 4 62 82 71 
Maior(es) sequencia(s) programação dinamica:
0 3 6 7 9 12 13 14 15 16 18 19 20 22 23 24 27 29 34 36 37 39 40 45 46 47 50 51 53 54 57 61 62 66 72 74 79 81 82 85 86 89 93 95 96 97 
Comprimento MSC: 46
Tempo: 356.000000 ns

Maior(es) sequencia(s) programação gulosa:
1 6 7 11 12 13 14 15 16 18 19 20 23 27 30 31 33 36 39 40 44 45 46 47 50 51 56 60 63 68 70 71 72 74 79 83 84 85 87 89 93 95 96 97 
Comprimento MSC: 44
Tempo: 43586.000000 ns

O método dinamico obteve um numero maior de MSC do que o guloso

O metodo dinamico foi mais rapido que o metodo guloso
