Numeros:1 3 45 70 78 57 41 17 27 42 89 89 98 87 93 72 19 32 87 19 38 49 25 34 38 75 77 35 37 35 60 39 38 57 61 16 14 54 86 93 96 75 83 94 14 28 19 33 13 6 4 51 7 29 86 45 56 15 80 94 50 93 85 41 2 46 9 17 1 95 62 49 22 97 44 37 26 15 22 39 21 27 42 81 8 28 26 65 96 59 59 46 4 44 39 6 42 49 75 95 44 38 45 19 35 41 8 61 8 30 52 29 9 95 10 18 75 89 35 71 0 46 70 56 90 9 14 84 58 90 32 55 80 29 26 67 70 34 81 78 16 33 59 78 28 22 96 4 63 83 75 63 29 97 71 71 7 85 55 65 27 39 72 7 68 98 27 90 32 8 68 1 41 80 79 22 2 27 26 17 10 53 80 91 3 3 62 10 88 69 27 16 9 0 75 77 50 2 68 35 62 88 36 4 68 15 78 22 94 4 39 4 9 71 95 12 26 9 74 15 78 2 83 39 54 10 17 4 65 37 91 27 77 27 83 98 94 61 20 88 17 12 44 79 35 91 43 14 0 18 81 31 72 16 70 78 26 39 34 43 28 26 23 6 53 6 4 0 20 76 88 37 40 85 16 28 76 12 42 29 30 23 60 54 39 82 32 17 22 66 61 50 44 84 56 98 42 12 98 62 89 38 52 29 23 20 9 52 32 51 81 62 74 93 68 65 75 0 83 49 19 96 52 63 32 8 13 74 73 63 89 62 54 41 43 29 61 53 81 94 4 14 8 31 7 77 48 35 29 31 84 48 79 36 64 11 97 29 38 70 93 79 84 47 20 27 76 33 32 10 79 37 24 88 20 32 65 68 67 46 52 3 47 83 40 11 47 37 40 85 59 85 64 43 32 36 70 61 69 3 71 49 92 47 89 64 79 6 84 98 52 88 2 99 72 94 62 19 83 3 56 42 88 20 85 73 8 7 86 77 10 57 78 54 56 67 18 88 73 3 86 78 91 40 77 15 86 40 34 69 95 90 11 35 62 48 8 70 56 46 0 18 55 78 73 12 98 43 0 23 46 86 1 90 79 31 5 17 23 92 87 18 82 50 5 97 99 14 67 7 12 67 25 68 98 50 80 96 94 80 
Maior(es) sequencia(s) programação dinamica:
1 3 4 7 9 17 22 26 27 28 29 32 33 35 36 37 39 40 42 44 49 52 54 61 64 65 67 69 71 72 73 77 78 86 90 92 97 99 
Comprimento MSC: 38
Tempo: 174.000000 ns

Maior(es) sequencia(s) programação gulosa:
1 3 4 7 9 15 21 26 30 32 34 39 41 50 54 61 62 63 64 65 67 69 71 72 73 77 78 86 91 95 97 99 
Comprimento MSC: 32
Tempo: 9869.000000 ns

O método dinamico obteve um numero maior de MSC do que o guloso

O metodo dinamico foi mais rapido que o metodo guloso
