Numeros:44 25 28 13 33 12 99 71 89 1 82 23 88 71 69 66 32 97 31 46 27 61 51 52 41 54 87 14 60 22 75 5 48 4 18 33 68 69 57 9 22 39 33 10 10 2 76 95 99 7 41 78 20 44 30 62 98 17 76 59 40 3 64 40 59 34 25 27 3 82 37 25 21 22 35 84 24 64 31 75 23 24 54 44 68 36 58 66 54 86 77 46 89 93 38 49 27 63 28 82 46 17 59 19 39 47 55 63 11 86 91 34 62 45 30 30 81 88 49 87 74 78 85 16 72 75 65 51 39 45 34 37 63 93 8 2 40 16 18 51 2 9 38 65 54 68 47 87 9 48 27 83 27 64 99 99 40 16 50 79 62 36 68 77 30 28 79 22 44 97 26 99 6 64 16 12 84 63 52 93 12 31 29 91 95 28 90 35 97 92 66 11 29 34 88 11 15 67 33 59 17 59 58 75 75 74 40 60 90 92 5 2 75 34 93 70 15 35 58 12 79 24 23 8 11 63 19 26 30 5 85 99 64 96 75 40 70 67 52 60 59 9 14 86 96 59 56 63 46 14 75 26 91 50 86 2 13 58 28 95 63 65 47 79 61 74 71 84 41 75 96 52 85 63 38 81 74 46 44 21 61 71 99 52 73 37 6 38 95 34 85 10 51 32 90 65 58 13 1 99 89 49 51 74 12 41 7 87 88 3 60 49 26 11 53 99 48 59 89 44 45 74 6 48 59 48 13 17 62 66 69 51 16 20 77 28 62 84 67 2 39 79 51 65 90 56 16 39 15 5 35 60 31 93 8 42 42 74 60 4 40 29 55 8 1 32 37 15 68 56 17 7 88 20 24 78 76 40 69 43 97 56 3 80 50 64 23 44 90 35 48 82 16 55 91 17 39 80 85 59 36 54 18 24 75 42 55 3 34 76 47 31 33 2 11 35 18 86 79 8 21 79 91 37 34 82 7 73 62 92 32 50 98 50 27 73 44 34 77 78 10 76 61 95 78 24 82 97 11 13 5 84 92 48 22 26 82 81 51 96 25 35 47 23 37 26 97 33 60 26 11 22 54 24 70 32 49 52 81 12 66 39 48 10 87 70 37 70 3 40 66 28 28 65 52 65 43 1 51 55 79 62 78 85 39 0 17 40 52 51 52 70 90 0 81 29 23 70 51 78 10 70 7 90 35 11 8 79 64 59 86 95 73 64 80 12 64 49 52 69 0 56 91 42 9 72 72 84 94 23 62 57 93 21 47 81 32 55 12 48 14 98 43 88 63 23 52 79 25 5 0 25 13 92 68 22 64 92 6 11 15 21 68 9 42 15 42 27 71 54 75 37 52 19 77 67 94 30 47 19 87 47 97 0 91 17 75 8 9 33 19 24 54 87 85 97 2 27 24 25 33 99 63 86 70 92 53 17 22 52 88 9 52 85 10 43 2 37 51 63 70 70 88 25 9 25 22 64 5 98 89 38 49 4 24 20 97 30 89 71 82 77 81 34 15 43 30 17 80 81 33 2 4 73 27 65 98 1 29 55 99 71 94 1 75 70 73 24 52 62 48 35 39 29 21 54 24 51 24 56 85 57 58 89 82 38 54 80 39 36 88 91 7 82 92 34 4 65 59 57 79 7 44 18 88 65 25 64 17 1 72 2 10 30 43 92 68 49 24 60 37 12 51 44 46 43 79 3 60 90 60 39 49 4 9 37 21 86 53 90 87 25 44 49 7 39 93 28 89 18 88 26 82 39 23 29 34 2 32 46 44 44 37 93 0 46 30 21 85 35 12 24 60 56 74 19 96 67 47 37 37 35 15 20 26 90 49 12 44 33 58 88 77 95 81 29 94 63 50 79 98 14 55 10 23 29 30 71 49 77 60 86 65 27 58 91 18 59 56 62 92 14 51 21 62 32 50 8 48 53 39 46 67 94 9 42 76 39 13 77 68 25 15 33 53 74 77 71 33 33 85 78 99 36 99 13 21 50 21 69 55 12 67 22 59 76 17 35 15 82 12 84 8 27 17 61 53 46 84 87 79 69 65 79 6 16 92 79 18 66 48 73 78 15 96 37 92 65 24 59 47 88 95 55 68 13 68 21 11 52 60 91 22 77 70 80 94 14 59 12 32 59 86 11 26 34 0 18 99 77 30 46 65 25 54 85 90 22 7 2 75 19 93 49 97 15 81 43 81 92 55 14 51 93 77 77 79 29 48 78 6 78 77 24 55 31 9 46 5 68 48 80 40 93 81 37 60 62 80 41 
Maior(es) sequencia(s) programação dinamica:
1 4 9 10 17 21 22 23 24 27 28 30 31 33 34 35 37 38 39 40 43 44 47 48 49 51 52 53 54 56 57 58 59 60 63 65 67 68 74 77 78 82 84 87 88 91 94 99 
Comprimento MSC: 48
Tempo: 370.000000 ns

Maior(es) sequencia(s) programação gulosa:
1 2 3 8 9 12 15 17 19 21 26 28 29 32 37 40 43 44 48 50 51 52 55 56 57 63 64 67 70 71 73 75 80 82 86 87 89 90 91 92 94 96 99 
Comprimento MSC: 43
Tempo: 41987.000000 ns

O método dinamico obteve um numero maior de MSC do que o guloso

O metodo dinamico foi mais rapido que o metodo guloso
