Numeros:27 4 23 72 11 25 29 53 94 4 34 17 15 39 71 51 24 33 75 14 91 3 89 90 63 28 66 32 52 1 40 80 57 63 52 68 89 34 73 83 38 7 52 5 98 75 8 74 8 83 89 0 38 78 42 54 58 8 86 11 61 26 43 18 42 95 39 31 81 12 66 19 72 18 76 22 45 36 97 53 20 86 5 10 16 47 16 27 8 2 38 69 81 33 88 23 28 27 6 10 91 72 81 15 42 10 38 87 46 35 92 18 73 98 81 41 97 97 68 5 52 58 75 85 91 15 8 72 94 66 34 85 90 67 53 84 29 43 71 76 78 15 46 3 65 79 44 63 29 13 68 81 71 95 66 15 10 26 87 4 92 21 42 34 40 47 18 70 90 41 98 68 56 44 71 22 24 67 85 5 80 5 86 4 1 4 19 63 82 58 68 26 31 62 60 71 9 78 41 99 19 39 19 27 36 42 49 12 9 86 17 42 44 3 46 45 59 17 8 41 75 28 19 6 42 79 29 51 9 71 50 80 10 21 7 98 63 9 10 25 95 27 67 91 82 65 88 41 82 49 34 9 77 53 67 20 84 96 23 93 67 26 73 30 47 81 28 11 42 39 36 89 66 55 81 49 20 69 42 2 18 29 63 48 34 30 20 19 26 43 12 46 69 38 76 17 71 56 80 13 95 68 54 14 23 35 15 95 5 9 49 75 38 12 23 73 42 95 44 68 39 56 14 60 46 42 77 17 99 9 82 46 77 37 12 52 24 79 47 81 89 96 57 79 60 32 4 2 28 48 23 19 57 89 79 3 32 9 73 83 18 7 81 48 96 94 52 21 73 52 2 14 0 11 46 61 44 50 15 24 99 38 95 56 28 74 11 12 35 36 47 6 44 28 54 40 22 58 13 48 10 16 14 63 27 60 24 23 11 91 99 62 30 94 70 10 21 81 74 56 70 21 62 14 1 68 6 24 79 20 24 41 88 90 4 15 51 80 91 14 72 90 76 54 37 46 16 10 79 90 18 49 63 81 15 64 1 74 40 80 94 16 74 34 7 78 49 10 11 92 24 83 35 0 89 72 98 5 82 29 47 0 31 62 33 46 78 87 20 19 19 66 87 93 0 94 24 2 4 35 
Maior(es) sequencia(s) programação dinamica:
1 5 8 11 12 13 15 18 22 24 26 27 28 29 30 34 35 38 39 42 46 47 48 50 54 58 60 62 68 72 76 79 80 82 87 93 94 
Comprimento MSC: 37
Tempo: 269.000000 ns

Maior(es) sequencia(s) programação gulosa:
4 5 8 11 12 16 18 21 22 24 26 27 28 29 34 36 38 39 42 46 47 48 57 61 63 70 74 79 80 81 83 89 93 94 
Comprimento MSC: 34
Tempo: 11580.000000 ns

O método dinamico obteve um numero maior de MSC do que o guloso

O metodo dinamico foi mais rapido que o metodo guloso
